0
0.0325839
0
0.0325839
0.0651678
0.0325839
0.0325839
0.0325839
0.0651678
0.0325839
0.0325839
0.0651678
0.0651678
0.0651678
0.0651678
0.0651678
0.0977517
0.0977517
0.0977517
0.0977517
0.0977517
0.0977517
0.0977517
0.130336
0.130336
0.130336
0.16292
0.16292
0.130336
0.130336
0.16292
0.130336
0.16292
0.130336
0.16292
0.195503
0.195503
0.195503
0.195503
0.195503
0.195503
0.195503
0.228087
0.228087
0.228087
0.228087
0.228087
0.228087
0.228087
0.260671
0.228087
0.260671
0.260671
0.260671
0.260671
0.293255
0.260671
0.293255
0.293255
0.260671
0.325839
0.325839
0.325839
0.325839
0.325839
0.325839
0.325839
0.325839
0.325839
0.358423
0.358423
0.358423
0.358423
0.358423
0.358423
0.391007
0.358423
0.391007
0.391007
0.391007
0.391007
0.391007
0.391007
0.423591
0.456175
0.423591
0.456175
0.423591
0.456175
0.423591
0.456175
0.456175
0.456175
0.456175
0.456175
0.488759
0.488759
0.488759
0.488759
0.488759
0.521342
0.521342
0.488759
