[B15F] Verwende Adapter: /dev/ttyUSB0
[B15F] Stelle Verbindung mit Adapter her... OK
[B15F] Teste Verbindung... OK
[B15F] AVR Firmware Version: Dec  3 2019 um 12:47:57 Uhr (boardinfo.h)
voltage: 1.5 analogValue: 306
0
0.260671
0.456175
0.716846
0.944933
1.17302
1.40111
1.66178
1.85728
2.05279
2.28087
2.47638
2.67188
2.86738
3.0303
3.22581
3.38873
3.55165
3.68198
3.81232
3.91007
4.00782
4.07299
4.10557
4.17074
4.20332
4.20332
4.26849
4.30108
4.23591
4.26849
4.26849
4.30108
4.36624
4.33366
4.36624
4.36624
4.36624
4.36624
4.30108
4.36624
4.36624
4.39883
4.39883
4.39883
4.39883
4.39883
4.39883
4.43141
4.43141
4.39883
4.43141
4.43141
4.39883
4.43141
4.46399
4.43141
4.46399
4.46399
4.49658
4.46399
4.49658
4.49658
4.49658
4.52916
4.52916
4.49658
4.52916
4.52916
4.52916
4.56175
4.52916
4.52916
4.56175
4.56175
4.56175
4.59433
4.59433
4.59433
4.59433
4.56175
4.59433
4.56175
4.56175
4.62691
4.59433
4.59433
4.6595
4.59433
4.62691
4.6595
4.6595
4.62691
4.69208
4.6595
4.6595
4.6595
4.69208
4.72467
4.69208
4.72467
4.69208
4.72467
