[B15F] Verwende Adapter: /dev/ttyUSB0
[B15F] Stelle Verbindung mit Adapter her... OK
[B15F] Teste Verbindung... OK
[B15F] AVR Firmware Version: Dec  3 2019 um 12:47:57 Uhr (boardinfo.h)
voltage: 1.6 analogValue: 327
0
0.293255
0.521342
0.74943
1.0101
1.27077
1.49886
1.75953
2.0202
2.24829
2.47638
2.73705
2.96514
3.19322
3.42131
3.6494
3.87748
4.07299
4.30108
4.49658
4.69208
4.88759
5.08309
5.24601
5.44151
5.60443
5.79993
5.89769
6.06061
6.15836
6.28869
6.38645
6.45161
6.51678
6.61453
6.58195
6.64712
6.6797
6.71228
6.71228
6.74487
6.74487
6.74487
6.81004
6.74487
6.81004
6.74487
6.81004
6.77745
6.77745
6.84262
6.81004
6.84262
6.8752
6.84262
6.8752
6.84262
6.8752
6.8752
6.8752
6.8752
6.8752
6.8752
6.90779
6.94037
6.94037
7.00554
6.97296
6.97296
6.94037
6.94037
6.97296
7.00554
6.97296
6.97296
6.97296
7.00554
7.00554
7.00554
7.00554
6.94037
7.00554
7.00554
7.07071
7.07071
7.03812
7.03812
7.07071
7.03812
7.07071
7.03812
7.03812
7.03812
7.10329
7.10329
7.10329
7.10329
7.10329
7.13587
7.13587
7.16846
7.16846
10.3291
