0
0.293255
0.521342
0.814598
1.04268
1.33594
1.56403
1.85728
2.11795
2.34604
2.6393
2.89997
3.16064
3.42131
3.6494
3.91007
4.13816
4.39883
4.62691
4.855
5.11567
5.34376
5.57185
5.79993
6.02802
6.22353
6.45161
6.71228
6.8752
7.10329
7.33138
7.55947
7.72239
7.91789
8.08081
8.27631
8.43923
8.53698
8.73249
8.89541
8.99316
9.12349
9.22124
9.35158
9.44933
9.5145
9.5145
9.54708
9.54708
9.61225
9.64484
9.64484
9.64484
9.67742
9.74259
9.71
9.74259
9.77517
9.74259
9.77517
9.77517
9.80775
9.80775
9.84034
9.80775
9.84034
9.87292
9.84034
9.84034
9.87292
9.80775
9.93809
9.87292
9.93809
9.93809
9.93809
9.90551
9.90551
9.90551
9.93809
9.90551
9.93809
9.97067
9.93809
9.90551
9.97067
9.97067
10.0358
9.97067
10.0033
10.0684
9.97067
10.0358
10.0033
10.0358
10.0033
10.0358
10.101
10.0684
10.0684
10.0358
10.101
10.101
