0
0.293255
0.553926
0.814598
1.07527
1.36852
1.6292
1.88987
2.18312
2.47638
2.73705
2.99772
3.25839
3.51906
3.77973
4.0404
4.30108
4.59433
4.82242
5.08309
5.37634
5.60443
5.89769
6.12577
6.38645
6.61453
6.8752
7.13587
7.39655
7.62463
7.85272
8.11339
8.37406
8.56957
8.83024
9.09091
9.319
9.54708
9.74259
9.97067
10.1662
10.3617
10.6224
10.8179
10.9808
11.2414
11.4044
11.5999
11.7954
11.9583
12.1212
12.3167
12.4796
12.61
12.7077
12.8706
13.001
13.0661
13.2291
13.2616
13.2942
13.3268
13.4246
13.4572
13.5223
13.5549
13.6201
13.5549
13.6201
13.6201
13.6852
13.6527
13.6527
13.6852
13.7178
13.6852
13.7178
13.7178
13.6852
13.7504
13.7178
13.7504
13.7178
13.7504
13.7178
13.8156
13.8156
13.783
13.8156
13.783
13.783
13.783
13.8156
13.8156
13.8807
13.8807
13.8156
13.8482
13.8807
13.8156
13.8807
13.9133
13.8807
