0
0.293255
0.553926
0.847181
1.10785
1.36852
1.66178
1.95503
2.21571
2.47638
2.76963
3.06289
3.32356
3.58423
3.87748
4.13816
4.43141
4.69208
4.95275
5.24601
5.50668
5.76735
6.02802
6.32128
6.58195
6.84262
7.10329
7.39655
7.62463
7.8853
8.14598
8.43923
8.73249
8.96057
9.18866
9.44933
9.71
10.0033
10.2639
10.492
10.7527
10.9482
11.2414
11.4695
11.7302
11.9583
12.219
12.4471
12.6751
12.9032
13.1313
13.3594
13.5875
13.8156
14.0437
14.2717
14.4673
14.6628
14.8908
15.0863
15.347
15.4774
15.7054
15.8684
16.0639
16.2594
16.3897
16.5526
16.683
16.8459
16.9762
17.1065
17.2043
17.3021
17.3672
17.4976
17.5953
17.5953
17.6279
17.6931
17.7582
17.7582
17.856
17.856
17.8234
17.856
17.9211
17.9211
17.9537
17.9537
17.9211
17.9863
17.9863
17.9863
18.0189
17.9863
18.0515
18.0841
18.0189
18.0189
18.0515
18.0515
18.0515
