0
0.293255
0.58651
0.847181
1.10785
1.40111
1.69436
1.98762
2.28087
2.54154
2.8348
3.12805
3.42131
3.68198
3.97524
4.23591
4.52916
4.78983
5.08309
5.37634
5.6696
5.93027
6.22353
6.4842
6.77745
7.03812
7.33138
7.59205
7.8853
8.14598
8.40665
8.6999
9.02574
9.28641
9.57967
9.84034
10.101
10.3617
10.6549
10.9482
11.1763
11.437
11.7628
12.0235
12.3167
12.5774
12.8381
13.0987
13.392
13.6527
13.9459
14.2066
14.4673
14.7279
15.0212
15.2819
15.5425
15.8032
16.0639
16.3571
16.5852
16.8459
17.1391
17.3998
17.6605
17.9537
18.1818
18.4425
18.7032
18.9638
19.1919
19.4526
19.7133
19.9739
20.202
20.4301
20.6908
20.9514
21.2121
21.4402
21.6683
21.929
22.1571
22.3851
22.6132
22.8739
23.102
23.3301
23.5582
23.7537
23.9818
24.2098
24.3728
24.6008
24.8289
25.0244
25.1874
25.4154
25.6109
25.7739
25.9694
26.0997
26.2952
