0
0.293255
0.58651
0.847181
1.14044
1.43369
1.69436
1.98762
2.31346
2.57413
2.86738
3.16064
3.45389
3.71457
4.00782
4.30108
4.56175
4.855
5.14826
5.40893
5.70218
5.99544
6.25611
6.54936
6.84262
7.10329
7.39655
7.6898
7.95047
8.24373
8.53698
8.79765
9.12349
9.38416
9.67742
9.93809
10.2313
10.492
10.7853
11.0785
11.3392
11.5999
11.9257
12.1538
12.4471
12.7403
13.001
13.2942
13.5549
13.8156
14.1088
14.4021
14.6628
14.956
15.2167
15.4774
15.7706
16.0313
16.292
16.5852
16.8785
17.1391
17.4324
17.6931
17.9537
18.247
18.5402
18.8009
19.029
19.2897
19.5829
19.8436
20.1369
20.3975
20.6582
20.9189
21.1795
21.4402
21.7335
21.9616
22.2222
22.4829
22.7436
23.0042
23.2649
23.5256
23.7862
24.0469
24.3076
24.5357
24.7964
25.057
25.2851
25.5784
25.8065
26.0345
26.2952
26.5233
26.784
27.0446
27.2727
27.5008
27.7615
