0.293255
0.58651
0.879765
1.17302
1.43369
1.72695
2.0202
2.34604
2.60671
2.89997
3.19322
3.48648
3.77973
4.07299
4.33366
4.6595
4.92017
5.21342
5.50668
5.79993
6.09319
6.38645
6.64712
6.94037
7.23363
7.52688
7.82014
8.08081
8.40665
8.6999
8.99316
9.28641
9.54708
9.84034
10.1336
10.3943
10.7201
10.9482
11.274
11.5347
11.828
12.1538
12.4145
12.7077
13.001
13.2942
13.5549
13.8482
14.1414
14.4021
14.6953
14.9886
15.2819
15.5425
15.8684
16.129
16.4223
16.683
16.9762
17.2695
17.5627
17.856
18.1492
18.4099
18.6706
18.9964
19.2897
19.5503
19.811
20.1369
20.3975
20.6908
20.9514
21.2447
21.5054
21.7986
22.0919
22.3851
22.6458
22.9391
23.2323
23.493
23.7537
24.0469
24.3076
24.6008
24.8941
25.1548
25.448
25.7087
25.9694
26.2952
26.5559
26.8166
27.1098
27.3705
27.6637
27.9244
28.2177
28.4783
28.7716
29.0648
