0.293255
0.553926
0.847181
1.10785
1.40111
1.66178
1.95503
2.28087
2.50896
2.8348
3.09547
3.38873
3.6494
3.91007
4.20332
4.49658
4.75725
5.05051
5.31118
5.60443
5.8651
6.15836
6.41903
6.6797
6.97296
7.23363
7.4943
7.78755
8.04822
8.34148
8.60215
8.89541
9.18866
9.41675
9.71
9.97067
10.1988
10.5246
10.7527
11.0459
11.3066
11.5673
11.828
12.0886
12.3819
12.61
12.8706
13.1313
13.392
13.6527
13.9133
14.174
14.4347
14.6953
14.956
15.1841
15.4448
15.7054
15.9661
16.1942
16.4549
16.7155
16.9436
17.1717
17.3998
17.6279
17.856
18.0841
18.3447
18.5402
18.7683
18.9964
19.2245
19.42
19.6155
19.8436
20.0391
20.2346
20.3975
20.593
20.8211
20.984
21.1144
21.3099
21.5054
21.6357
21.766
21.8964
21.9941
22.1571
22.2222
22.3851
22.4503
22.4829
22.5481
22.6458
22.7436
22.711
22.7436
22.8739
22.8087
22.9065
