0.293255
0.619094
0.912349
1.17302
1.46628
1.75953
2.08537
2.37862
2.67188
2.96514
3.25839
3.55165
3.8449
4.13816
4.43141
4.72467
5.01792
5.31118
5.57185
5.89769
6.19094
6.45161
6.74487
7.03812
7.36396
7.65722
7.91789
8.24373
8.53698
8.79765
9.12349
9.41675
9.71
10.0033
10.2965
10.5898
10.883
11.1763
11.4695
11.6976
12.056
12.3493
12.6426
12.9358
13.1965
13.5223
13.8156
14.0762
14.4021
14.6628
14.956
15.2493
15.5425
15.8358
16.129
16.4223
16.7155
17.0088
17.3346
17.5953
17.8886
18.1818
18.4751
18.7683
19.0616
19.3548
19.6481
19.9413
20.2346
20.5279
20.7885
21.0818
21.375
21.6683
21.9616
22.2548
22.5481
22.8413
23.1346
23.3952
23.6885
23.9818
24.275
24.5683
24.8615
25.1548
25.4154
25.7413
26.002
26.2952
26.5885
26.8491
27.175
27.4356
27.7289
28.0222
28.3154
28.6087
28.9019
29.1952
29.4558
29.7491
