0.293255
0.619094
0.912349
1.2056
1.49886
1.79211
2.11795
2.41121
2.70446
2.99772
3.29097
3.58423
3.91007
4.20332
4.49658
4.78983
5.08309
5.37634
5.6696
5.96285
6.28869
6.58195
6.8752
7.16846
7.46171
7.75497
8.04822
8.37406
8.6999
8.99316
9.28641
9.57967
9.87292
10.1662
10.4594
10.7527
11.0459
11.3392
11.6325
11.9257
12.2515
12.5448
12.8381
13.1313
13.4246
13.7178
14.0437
14.3369
14.6302
14.9234
15.2167
15.5099
15.8032
16.0964
16.3897
16.7155
16.9762
17.3021
17.6279
17.9211
18.2144
18.5077
18.8009
19.0942
19.42
19.6807
20.0065
20.2998
20.5604
20.8863
21.1795
21.4402
21.766
22.0593
22.3526
22.6458
22.9717
23.2323
23.5256
23.8188
24.1447
24.4379
24.6986
25.0244
25.3177
25.6109
25.9042
26.1975
26.4907
26.784
27.0772
27.3705
27.6963
27.9896
28.2502
28.5435
28.8042
29.1626
29.4558
29.7491
30.0424
30.3356
