0.293255
0.619094
0.912349
1.23819
1.53144
1.79211
2.11795
2.41121
2.70446
3.0303
3.32356
3.61681
3.91007
4.23591
4.52916
4.82242
5.11567
5.44151
5.70218
6.02802
6.32128
6.61453
6.90779
7.23363
7.52688
7.85272
8.11339
8.40665
8.73249
9.05833
9.35158
9.64484
9.97067
10.2639
10.5572
10.8504
11.1437
11.437
11.7628
12.056
12.3493
12.6426
12.9358
13.2616
13.5549
13.8482
14.1414
14.4673
14.7605
15.0538
15.347
15.6403
15.9335
16.2594
16.52
16.8459
17.1391
17.465
17.7582
18.0515
18.3773
18.6706
18.9638
19.2571
19.5829
19.8762
20.1694
20.4627
20.7559
21.0492
21.375
21.6683
21.9616
22.2548
22.5481
22.8739
23.1672
23.4604
23.7537
24.0469
24.3402
24.666
24.9593
25.2525
25.5458
25.839
26.1323
26.4255
26.7514
27.0121
27.3379
27.6312
27.9244
28.2177
28.5109
28.8368
29.13
29.4233
29.7165
30.0098
30.303
30.5963
